inventive : 3.04037184464
riveting : 2.88619511489
engrossing : 2.73676754923
lively : 2.70384750885
wonderfully : 2.70384750885
heartwarming : 2.63484595444
grown : 2.56072929943
vividly : 2.56072929943
captures : 2.48077338772
detailed : 2.48067790897
evocative : 2.48067790897
gem : 2.48067790897
tour : 2.48067790897
captivating : 2.48067790897
explores : 2.39365784928
spare : 2.39365784928
potent : 2.39365784928
unflinching : 2.39365784928
answers : 2.39365784928
russian : 2.39365784928
jealousy : 2.39365784928
richly : 2.39365784928
masterful : 2.39365784928
haynes : 2.39365784928
startling : 2.39365784928
culture : 2.37092005602
powerful : 2.37092005602
wonderful : 2.33129372147
warm : 2.33129372147
unique : 2.29841709695
refreshing : 2.29841709695
wrenching : 2.29833898685
integrity : 2.29833898685
spooky : 2.29833898685
sadness : 2.29833898685
ramsay : 2.29833898685
breathtaking : 2.29833898685
sly : 2.29833898685
resist : 2.29833898685
heartbreaking : 2.29833898685
buoyant : 2.29833898685
polished : 2.29833898685
realistic : 2.24711511926
beauty : 2.22948497498
refreshingly : 2.19303921475
marvel : 2.19296978864
intoxicating : 2.19296978864
pacino : 2.19296978864
delicately : 2.19296978864
ties : 2.19296978864
soulless : -2.20161858247
thrown : -2.20161858247
tuxedo : -2.20161858247
lifeless : -2.20161858247
4ever : -2.20161858247
inane : -2.20161858247
unconvincing : -2.20161858247
leaden : -2.20161858247
dull : -2.20203748834
stupid : -2.23813455913
bland : -2.23813455913
mindless : -2.25576432703
stunt : -2.30698781831
dogs : -2.30698781831
stiff : -2.30698781831
unnecessary : -2.30698781831
obnoxious : -2.30698781831
uninspired : -2.30698781831
clumsily : -2.30698781831
named : -2.30698781831
carvey : -2.30698781831
incoherent : -2.30698781831
lousy : -2.40230671837
kung : -2.40230671837
meandering : -2.40230671837
soggy : -2.40230671837
choppy : -2.40230671837
ballistic : -2.40230671837
51 : -2.40230671837
conceived : -2.40230671837
generic : -2.44685444802
britney : -2.48932681569
product : -2.48932681569
waste : -2.48942278369
mediocre : -2.48942278369
routine : -2.48942278369
fatal : -2.56937824378
inept : -2.56937824378
plodding : -2.64349493642
pinocchio : -2.64349493642
bore : -2.71249652847
tiresome : -2.71249652847
benigni : -2.77704377024
pointless : -2.77704377024
disguise : -2.83767711277
boring : -2.83795629836
seagal : -2.8948442474
poorly : -2.8948442474
unfunny : -3.22340936204
badly : -3.22340936204